0:[21, 30, 27, 38, 40, 32, 66, 61, 26, 26, 22, 49, 38, 68, 60, 54, 27, 29, 29, 52, 55, 67, 50, 54, 28, 35, 30, 37, 54, 90, 77, 49, 23, 34, 29, 63, 68, 115, 104, 78, 41, 29, 46, 55, 77, 103, 111, 94, 50, 65, 70, 97, 106, 120, 122, 101, 69, 99, 104, 91, 111, 93, 104, 105]
1:[7, 25, 21, 23, 21, 46, 46, 59, 23, 23, 23, 28, 40, 57, 58, 57, 28, 20, 27, 27, 51, 50, 64, 50, 36, 19, 29, 37, 53, 83, 77, 66, 28, 33, 39, 50, 77, 115, 102, 80, 27, 41, 49, 65, 78, 104, 115, 95, 51, 67, 78, 79, 106, 121, 116, 103, 73, 90, 99, 100, 114, 102, 106, 97]
2:[16, 16, 21, 17, 24, 40, 45, 56, 24, 23, 17, 24, 20, 61, 62, 53, 28, 16, 20, 39, 37, 60, 63, 53, 19, 25, 18, 27, 51, 85, 83, 60, 23, 17, 43, 52, 68, 109, 105, 78, 23, 38, 57, 64, 77, 104, 113, 91, 39, 61, 78, 94, 105, 121, 119, 107, 73, 96, 90, 101, 112, 97, 101, 101]
3:[19, 26, 28, 28, 28, 36, 48, 63, 31, 28, 24, 24, 21, 46, 61, 50, 17, 28, 21, 30, 53, 42, 70, 51, 31, 30, 29, 45, 44, 89, 73, 62, 22, 29, 40, 59, 74, 105, 103, 82, 35, 55, 55, 63, 86, 102, 116, 95, 37, 66, 88, 70, 102, 122, 121, 102, 77, 95, 93, 97, 117, 104, 107, 107]
4:[35, 32, 39, 37, 39, 49, 36, 51, 33, 46, 44, 47, 32, 63, 69, 75, 31, 33, 40, 44, 59, 72, 80, 66, 37, 39, 45, 59, 61, 90, 74, 66, 35, 46, 48, 58, 71, 107, 102, 80, 45, 53, 51, 63, 81, 98, 117, 82, 47, 49, 81, 91, 99, 122, 115, 112, 76, 84, 96, 101, 111, 102, 98, 96]
5:[36, 26, 37, 37, 38, 29, 53, 57, 38, 20, 27, 35, 46, 51, 65, 62, 25, 32, 37, 39, 43, 68, 67, 62, 43, 30, 34, 49, 54, 82, 80, 73, 25, 26, 55, 46, 62, 115, 100, 66, 41, 37, 64, 75, 85, 103, 112, 90, 49, 59, 90, 86, 104, 121, 121, 103, 65, 84, 89, 104, 116, 99, 107, 100]
6:[24, 31, 30, 22, 37, 48, 58, 75, 21, 27, 33, 31, 34, 61, 70, 53, 37, 20, 20, 29, 51, 39, 55, 53, 31, 22, 28, 33, 48, 84, 78, 57, 19, 25, 39, 60, 72, 113, 104, 87, 23, 41, 58, 65, 84, 107, 111, 94, 58, 67, 85, 88, 96, 121, 120, 105, 78, 91, 103, 100, 113, 100, 99, 96]
7:[26, 25, 38, 35, 34, 48, 44, 55, 32, 28, 41, 37, 34, 62, 81, 71, 34, 34, 34, 27, 41, 62, 75, 58, 26, 24, 43, 56, 52, 78, 84, 63, 14, 40, 58, 59, 68, 111, 101, 85, 47, 38, 55, 63, 85, 105, 112, 86, 53, 57, 73, 85, 105, 121, 120, 98, 80, 86, 91, 92, 103, 101, 104, 100]
8:[18, 23, 17, 16, 29, 44, 46, 64, 29, 18, 14, 17, 31, 63, 60, 54, 17, 20, 16, 27, 43, 51, 73, 43, 17, 20, 20, 35, 53, 83, 81, 59, 21, 13, 43, 60, 78, 108, 104, 75, 26, 34, 54, 56, 81, 106, 114, 92, 50, 62, 77, 89, 103, 121, 121, 99, 77, 94, 95, 96, 112, 105, 103, 94]
9:[28, 35, 22, 30, 20, 43, 36, 67, 34, 24, 26, 28, 41, 61, 62, 37, 30, 41, 44, 44, 50, 68, 61, 59, 32, 38, 44, 45, 44, 87, 81, 53, 26, 23, 45, 58, 71, 111, 95, 86, 34, 50, 60, 66, 85, 99, 114, 86, 46, 62, 82, 90, 109, 121, 118, 102, 79, 101, 83, 98, 108, 101, 100, 98]
10:[24, 28, 31, 26, 27, 40, 55, 59, 32, 28, 30, 28, 28, 50, 66, 51, 27, 33, 28, 36, 37, 56, 70, 63, 18, 34, 33, 45, 43, 83, 78, 68, 34, 41, 45, 65, 66, 106, 110, 84, 36, 36, 72, 67, 70, 106, 110, 88, 36, 60, 83, 82, 110, 120, 122, 97, 76, 92, 97, 100, 110, 96, 102, 102]
11:[12, 20, 26, 35, 24, 36, 49, 59, 26, 26, 15, 26, 27, 77, 55, 60, 30, 21, 27, 31, 35, 63, 69, 59, 19, 27, 37, 33, 43, 93, 71, 57, 23, 23, 35, 49, 70, 113, 101, 68, 25, 39, 45, 71, 72, 106, 112, 100, 55, 63, 79, 89, 105, 121, 118, 100, 71, 91, 89, 101, 112, 102, 94, 96]
12:[28, 14, 19, 16, 28, 44, 51, 68, 18, 18, 16, 30, 29, 62, 58, 57, 21, 19, 14, 21, 39, 64, 67, 58, 21, 33, 25, 35, 47, 81, 82, 65, 36, 23, 33, 64, 54, 112, 107, 74, 30, 19, 50, 60, 66, 104, 108, 92, 61, 59, 73, 75, 98, 121, 121, 101, 74, 87, 91, 99, 108, 101, 110, 101]
13:[31, 19, 32, 30, 42, 34, 50, 59, 16, 21, 29, 32, 41, 49, 69, 60, 23, 33, 26, 42, 42, 38, 79, 52, 37, 37, 36, 38, 38, 97, 79, 63, 26, 28, 39, 56, 65, 112, 99, 75, 31, 35, 54, 65, 82, 104, 110, 93, 40, 69, 79, 94, 102, 121, 118, 96, 70, 96, 101, 87, 116, 91, 105, 101]
14:[24, 19, 29, 20, 36, 31, 50, 51, 37, 36, 21, 37, 29, 54, 55, 53, 36, 34, 36, 31, 44, 52, 56, 63, 32, 24, 34, 41, 46, 80, 86, 67, 24, 46, 42, 46, 68, 110, 110, 77, 31, 35, 48, 67, 77, 105, 111, 102, 45, 60, 66, 91, 109, 120, 118, 101, 76, 95, 102, 106, 113, 96, 105, 86]
15:[33, 25, 24, 30, 28, 36, 56, 72, 28, 34, 33, 33, 56, 46, 59, 31, 31, 34, 30, 32, 51, 57, 73, 58, 35, 31, 35, 47, 55, 84, 83, 62, 27, 39, 40, 67, 72, 112, 94, 84, 40, 36, 55, 67, 84, 100, 117, 102, 37, 58, 69, 93, 104, 120, 120, 95, 74, 88, 100, 102, 119, 102, 107, 96]
16:[22, 32, 30, 34, 25, 43, 43, 69, 32, 27, 26, 28, 35, 71, 76, 53, 29, 37, 25, 28, 57, 61, 70, 63, 29, 31, 30, 29, 48, 81, 81, 71, 31, 28, 41, 61, 50, 112, 107, 80, 34, 26, 58, 78, 95, 109, 104, 93, 44, 67, 79, 98, 108, 120, 120, 97, 78, 85, 109, 102, 105, 113, 100, 102]
17:[36, 35, 28, 40, 46, 49, 46, 76, 44, 32, 40, 46, 41, 49, 58, 73, 36, 35, 39, 51, 46, 60, 70, 49, 40, 39, 47, 39, 62, 89, 68, 75, 42, 34, 53, 58, 79, 106, 101, 72, 49, 48, 64, 55, 72, 103, 108, 93, 45, 79, 72, 88, 111, 121, 121, 97, 80, 91, 102, 98, 108, 100, 104, 98]
18:[25, 28, 28, 24, 46, 38, 53, 74, 34, 37, 17, 24, 28, 71, 43, 53, 30, 25, 33, 40, 38, 58, 73, 52, 15, 25, 22, 30, 51, 90, 79, 63, 19, 31, 41, 53, 60, 113, 104, 73, 28, 34, 60, 53, 84, 102, 111, 97, 49, 65, 66, 85, 99, 120, 117, 100, 67, 90, 100, 87, 108, 101, 104, 96]
19:[38, 43, 44, 42, 42, 63, 42, 63, 38, 43, 37, 47, 44, 58, 56, 54, 44, 50, 45, 44, 54, 68, 56, 73, 45, 38, 45, 55, 47, 104, 89, 50, 49, 61, 51, 53, 64, 105, 85, 81, 53, 55, 76, 61, 94, 102, 117, 99, 66, 74, 80, 82, 105, 122, 122, 107, 66, 86, 95, 91, 115, 102, 88, 100]
20:[16, 20, 26, 26, 35, 38, 45, 64, 20, 28, 32, 28, 37, 61, 66, 47, 35, 28, 25, 24, 26, 36, 70, 65, 29, 20, 40, 44, 54, 90, 75, 67, 28, 32, 31, 55, 70, 113, 104, 84, 30, 42, 63, 61, 68, 104, 110, 93, 40, 68, 66, 88, 104, 122, 120, 98, 71, 94, 87, 91, 113, 96, 104, 101]
21:[27, 20, 18, 19, 25, 46, 62, 46, 18, 25, 20, 31, 33, 65, 55, 57, 21, 25, 30, 24, 41, 63, 60, 50, 18, 23, 32, 32, 41, 90, 85, 60, 18, 22, 35, 49, 71, 108, 103, 70, 29, 33, 45, 68, 81, 102, 113, 96, 37, 69, 87, 88, 95, 121, 120, 98, 70, 86, 87, 97, 108, 101, 104, 101]
22:[33, 27, 40, 35, 41, 33, 57, 56, 47, 33, 39, 39, 52, 67, 51, 75, 32, 31, 37, 47, 40, 53, 67, 56, 38, 42, 37, 41, 57, 92, 79, 61, 33, 46, 47, 58, 80, 106, 97, 73, 43, 55, 55, 60, 81, 105, 110, 96, 51, 67, 80, 89, 103, 119, 119, 106, 75, 90, 103, 93, 118, 105, 103, 89]
23:[23, 22, 18, 18, 31, 25, 46, 61, 18, 16, 18, 26, 27, 67, 69, 58, 16, 27, 31, 28, 44, 59, 74, 58, 19, 25, 23, 30, 54, 88, 83, 59, 39, 31, 51, 62, 69, 109, 104, 81, 34, 34, 51, 68, 84, 102, 114, 97, 63, 57, 69, 82, 101, 121, 120, 99, 79, 100, 101, 99, 111, 104, 104, 103]
24:[24, 30, 29, 19, 38, 52, 50, 51, 33, 31, 26, 21, 44, 61, 59, 62, 35, 31, 24, 44, 45, 59, 65, 49, 24, 31, 47, 42, 38, 86, 81, 62, 24, 42, 47, 54, 72, 113, 106, 82, 48, 49, 66, 52, 86, 108, 114, 78, 34, 69, 68, 86, 107, 122, 119, 104, 76, 101, 101, 101, 106, 94, 103, 105]
25:[32, 34, 26, 14, 33, 54, 58, 58, 25, 18, 30, 34, 32, 49, 56, 62, 20, 22, 24, 30, 42, 57, 70, 58, 22, 16, 25, 31, 50, 88, 75, 60, 17, 25, 40, 58, 63, 108, 100, 80, 22, 29, 62, 60, 73, 105, 118, 84, 41, 69, 67, 86, 94, 120, 121, 101, 76, 99, 96, 95, 113, 98, 103, 108]
26:[28, 31, 25, 26, 26, 34, 54, 57, 40, 23, 25, 30, 33, 63, 52, 64, 29, 22, 29, 32, 58, 70, 76, 63, 22, 30, 27, 24, 40, 95, 82, 71, 19, 24, 45, 61, 66, 103, 102, 71, 24, 32, 64, 56, 87, 105, 118, 101, 43, 65, 79, 86, 101, 122, 121, 108, 71, 82, 96, 98, 113, 97, 101, 96]
27:[38, 37, 23, 31, 33, 34, 49, 68, 28, 34, 23, 31, 32, 64, 48, 64, 27, 26, 33, 23, 37, 52, 78, 58, 22, 28, 41, 46, 48, 91, 82, 67, 25, 31, 52, 58, 72, 106, 103, 81, 37, 47, 61, 66, 77, 98, 115, 91, 53, 61, 79, 89, 102, 120, 120, 105, 84, 97, 88, 95, 110, 102, 102, 107]
28:[22, 17, 32, 25, 26, 44, 37, 63, 23, 20, 33, 28, 31, 57, 59, 52, 18, 21, 28, 36, 38, 60, 66, 56, 27, 21, 36, 34, 53, 85, 79, 60, 21, 30, 40, 51, 81, 111, 96, 86, 22, 42, 49, 68, 76, 102, 110, 89, 45, 64, 79, 79, 109, 121, 118, 101, 70, 88, 98, 94, 114, 92, 105, 102]
29:[25, 18, 26, 32, 34, 36, 61, 65, 20, 23, 32, 22, 28, 42, 61, 69, 17, 28, 26, 30, 38, 54, 65, 54, 25, 22, 33, 35, 55, 89, 88, 55, 37, 36, 34, 44, 74, 107, 99, 81, 41, 23, 51, 62, 78, 111, 113, 93, 57, 61, 81, 90, 98, 120, 120, 105, 75, 97, 95, 97, 112, 94, 107, 99]
30:[29, 18, 22, 29, 28, 55, 48, 72, 27, 22, 35, 20, 29, 71, 48, 53, 25, 25, 20, 30, 41, 54, 75, 62, 22, 26, 29, 32, 49, 88, 71, 61, 31, 24, 34, 52, 68, 110, 103, 75, 20, 48, 78, 72, 79, 105, 112, 93, 55, 63, 82, 85, 107, 121, 114, 103, 71, 91, 94, 100, 117, 91, 100, 102]
31:[32, 29, 30, 23, 34, 34, 67, 46, 22, 19, 33, 24, 32, 54, 71, 51, 23, 29, 34, 31, 35, 58, 72, 62, 29, 29, 43, 32, 50, 90, 88, 73, 35, 26, 42, 50, 71, 107, 100, 82, 28, 42, 47, 63, 81, 105, 118, 100, 42, 61, 62, 89, 96, 121, 121, 102, 68, 102, 99, 100, 110, 88, 105, 102]
32:[37, 22, 30, 26, 38, 40, 54, 58, 29, 41, 24, 21, 38, 56, 56, 58, 31, 24, 28, 40, 52, 56, 77, 58, 43, 33, 30, 32, 57, 86, 85, 71, 32, 36, 47, 57, 72, 104, 97, 80, 37, 36, 63, 65, 77, 108, 108, 96, 40, 67, 78, 88, 111, 121, 119, 100, 66, 97, 105, 103, 113, 98, 109, 107]
33:[25, 18, 23, 28, 36, 38, 40, 56, 23, 23, 38, 29, 38, 57, 63, 64, 21, 21, 31, 35, 41, 56, 74, 49, 33, 27, 33, 28, 52, 87, 74, 60, 34, 33, 41, 55, 65, 112, 100, 74, 31, 32, 63, 62, 73, 109, 114, 96, 60, 74, 79, 90, 101, 120, 118, 102, 66, 96, 92, 98, 115, 104, 103, 101]
34:[21, 20, 24, 21, 31, 43, 46, 52, 24, 38, 21, 31, 44, 57, 43, 59, 27, 26, 35, 39, 44, 45, 69, 48, 27, 21, 37, 37, 38, 88, 76, 73, 26, 32, 57, 47, 75, 111, 99, 85, 31, 33, 43, 63, 79, 109, 109, 93, 55, 57, 73, 83, 111, 121, 119, 94, 82, 98, 101, 103, 111, 102, 105, 102]
35:[22, 23, 41, 31, 35, 53, 47, 53, 31, 32, 25, 31, 31, 46, 57, 56, 24, 35, 27, 31, 34, 53, 82, 65, 25, 24, 33, 32, 62, 87, 78, 64, 29, 40, 33, 63, 74, 112, 96, 73, 43, 41, 56, 71, 93, 101, 113, 93, 45, 67, 76, 93, 97, 121, 119, 102, 72, 79, 99, 98, 107, 106, 95, 91]
36:[39, 39, 37, 36, 36, 51, 58, 57, 40, 46, 36, 34, 31, 66, 54, 68, 35, 37, 43, 54, 50, 54, 89, 62, 45, 45, 42, 46, 66, 92, 75, 51, 36, 43, 54, 57, 63, 110, 107, 81, 47, 39, 58, 68, 75, 107, 112, 90, 44, 69, 74, 91, 98, 121, 121, 107, 53, 81, 101, 99, 109, 104, 108, 101]
37:[22, 32, 29, 16, 31, 40, 44, 66, 36, 32, 33, 39, 42, 66, 45, 66, 28, 25, 34, 36, 38, 59, 68, 69, 30, 29, 36, 27, 42, 83, 86, 60, 24, 40, 44, 56, 81, 100, 108, 79, 38, 50, 47, 76, 78, 106, 113, 92, 37, 66, 69, 89, 111, 116, 120, 101, 80, 91, 93, 98, 109, 95, 110, 98]
38:[34, 19, 40, 28, 29, 40, 49, 61, 26, 18, 32, 38, 30, 64, 70, 61, 33, 32, 32, 48, 44, 61, 63, 60, 20, 23, 37, 41, 53, 96, 81, 77, 25, 39, 48, 61, 76, 110, 106, 79, 32, 43, 56, 67, 84, 109, 113, 92, 47, 67, 74, 79, 100, 120, 120, 109, 87, 99, 91, 97, 108, 95, 93, 104]
39:[27, 19, 23, 35, 38, 48, 48, 59, 20, 25, 24, 24, 24, 69, 57, 51, 29, 19, 21, 28, 42, 53, 69, 52, 32, 21, 31, 38, 46, 76, 81, 61, 26, 20, 31, 57, 64, 108, 102, 84, 19, 33, 57, 60, 79, 104, 113, 94, 56, 61, 83, 85, 106, 120, 119, 97, 77, 92, 95, 101, 112, 97, 100, 94]
40:[20, 31, 28, 24, 31, 38, 57, 64, 23, 25, 22, 33, 33, 52, 59, 64, 27, 27, 41, 34, 44, 57, 65, 59, 27, 23, 38, 35, 54, 87, 74, 63, 16, 33, 52, 50, 65, 110, 105, 78, 35, 33, 56, 61, 82, 100, 113, 97, 37, 68, 74, 86, 96, 118, 120, 108, 75, 96, 104, 95, 110, 97, 100, 97]
41:[24, 42, 37, 43, 37, 43, 57, 56, 34, 40, 44, 46, 48, 72, 65, 40, 35, 35, 38, 41, 50, 57, 77, 73, 28, 35, 44, 49, 54, 77, 84, 64, 34, 45, 46, 55, 64, 110, 110, 83, 33, 44, 52, 66, 92, 105, 119, 101, 52, 61, 75, 76, 100, 121, 120, 93, 62, 89, 89, 100, 104, 106, 92, 96]
42:[17, 34, 23, 30, 39, 33, 55, 56, 24, 29, 19, 28, 33, 54, 55, 40, 24, 29, 21, 31, 50, 63, 62, 58, 33, 27, 33, 28, 54, 85, 82, 70, 25, 36, 33, 54, 70, 113, 95, 69, 19, 33, 55, 82, 79, 96, 116, 93, 50, 66, 78, 87, 109, 121, 120, 103, 75, 94, 92, 98, 113, 101, 105, 99]
43:[28, 24, 26, 14, 24, 37, 48, 53, 33, 22, 19, 29, 17, 55, 58, 46, 24, 26, 22, 32, 41, 53, 78, 57, 23, 24, 29, 41, 45, 87, 72, 51, 31, 28, 35, 55, 75, 110, 105, 73, 25, 41, 59, 58, 81, 103, 113, 91, 51, 53, 85, 92, 94, 121, 118, 109, 62, 94, 100, 104, 111, 100, 104, 105]
44:[26, 16, 20, 20, 29, 32, 47, 65, 26, 20, 19, 28, 30, 56, 58, 64, 23, 26, 41, 28, 45, 60, 80, 72, 25, 38, 25, 37, 59, 82, 84, 68, 21, 31, 37, 68, 60, 107, 103, 69, 31, 35, 53, 60, 78, 100, 114, 91, 54, 61, 76, 87, 105, 121, 121, 110, 75, 100, 96, 105, 118, 104, 105, 99]
45:[23, 32, 24, 30, 25, 39, 63, 64, 34, 29, 24, 23, 44, 57, 70, 52, 27, 23, 24, 31, 35, 56, 84, 55, 25, 24, 36, 44, 53, 87, 80, 73, 22, 23, 23, 64, 81, 109, 107, 83, 27, 29, 41, 68, 69, 108, 112, 97, 63, 71, 72, 84, 103, 121, 120, 102, 75, 90, 90, 96, 107, 95, 98, 102]
46:[13, 20, 22, 23, 30, 31, 57, 68, 34, 23, 23, 28, 29, 62, 64, 53, 21, 14, 36, 37, 29, 65, 71, 63, 22, 28, 31, 25, 61, 83, 92, 66, 27, 29, 35, 58, 54, 109, 105, 76, 33, 36, 50, 59, 83, 100, 114, 90, 46, 54, 86, 91, 107, 122, 122, 102, 68, 96, 97, 98, 117, 109, 100, 97]
47:[32, 35, 22, 30, 30, 37, 44, 61, 40, 24, 25, 27, 31, 53, 61, 45, 33, 24, 31, 31, 35, 57, 67, 56, 37, 31, 30, 39, 55, 92, 80, 67, 23, 39, 38, 58, 54, 111, 99, 75, 35, 50, 56, 61, 90, 94, 112, 94, 42, 69, 75, 84, 96, 121, 119, 101, 72, 97, 102, 97, 114, 103, 105, 94]
48:[24, 13, 23, 20, 37, 36, 48, 59, 25, 24, 20, 31, 28, 55, 67, 51, 20, 21, 28, 34, 44, 45, 67, 59, 17, 25, 28, 34, 62, 85, 79, 65, 26, 32, 34, 58, 76, 107, 106, 73, 35, 37, 57, 60, 75, 101, 111, 86, 50, 73, 80, 88, 92, 121, 119, 102, 56, 94, 96, 94, 113, 108, 108, 90]
49:[43, 20, 25, 28, 32, 47, 54, 58, 32, 24, 12, 35, 38, 59, 67, 61, 30, 28, 35, 34, 37, 60, 66, 63, 34, 25, 31, 35, 47, 86, 79, 68, 34, 33, 32, 58, 62, 109, 99, 79, 33, 43, 63, 57, 83, 103, 112, 98, 58, 62, 76, 90, 107, 121, 120, 107, 80, 88, 95, 88, 114, 103, 102, 100]
50:[25, 24, 23, 27, 43, 39, 54, 63, 27, 28, 33, 31, 28, 55, 34, 60, 16, 34, 27, 26, 48, 65, 67, 52, 29, 27, 35, 34, 41, 82, 84, 49, 29, 31, 42, 64, 72, 111, 100, 78, 27, 36, 55, 53, 90, 106, 112, 79, 49, 73, 80, 80, 109, 122, 119, 103, 75, 82, 96, 96, 113, 92, 108, 84]
51:[34, 30, 23, 25, 42, 42, 55, 63, 25, 20, 21, 27, 35, 58, 59, 52, 31, 29, 29, 27, 48, 58, 78, 50, 28, 29, 29, 51, 29, 91, 81, 66, 34, 26, 49, 48, 61, 112, 99, 80, 32, 34, 44, 53, 87, 104, 111, 95, 49, 68, 73, 79, 97, 123, 120, 103, 66, 89, 89, 92, 116, 97, 104, 101]
52:[28, 23, 15, 37, 27, 36, 52, 65, 27, 31, 31, 28, 38, 56, 65, 56, 15, 27, 26, 28, 47, 52, 67, 47, 30, 27, 35, 40, 60, 91, 87, 80, 30, 33, 30, 54, 76, 101, 104, 85, 35, 55, 55, 48, 83, 101, 113, 88, 38, 64, 72, 85, 106, 121, 119, 103, 75, 97, 98, 103, 110, 97, 108, 91]
53:[44, 29, 35, 31, 47, 50, 69, 53, 43, 45, 29, 53, 44, 61, 69, 51, 43, 45, 31, 36, 51, 47, 82, 74, 38, 39, 45, 53, 59, 80, 78, 76, 25, 36, 42, 70, 80, 106, 105, 78, 44, 33, 56, 62, 84, 101, 116, 91, 55, 55, 85, 96, 112, 122, 119, 91, 80, 88, 93, 97, 109, 99, 106, 90]
54:[33, 32, 28, 34, 19, 37, 55, 62, 27, 20, 31, 25, 27, 59, 59, 64, 31, 30, 26, 23, 39, 63, 68, 53, 26, 29, 30, 32, 49, 88, 84, 65, 22, 31, 50, 52, 81, 110, 101, 91, 31, 38, 56, 52, 88, 105, 114, 97, 47, 76, 72, 91, 100, 120, 119, 106, 82, 93, 96, 93, 113, 101, 104, 96]
55:[30, 34, 34, 27, 44, 44, 63, 54, 27, 27, 31, 37, 36, 50, 58, 60, 41, 30, 25, 35, 43, 50, 67, 66, 24, 29, 39, 38, 46, 93, 79, 66, 24, 40, 46, 67, 76, 109, 105, 85, 32, 36, 49, 76, 82, 104, 113, 96, 58, 72, 82, 81, 102, 121, 120, 90, 68, 88, 96, 102, 118, 105, 91, 93]
56:[29, 24, 20, 30, 39, 40, 51, 61, 32, 28, 28, 32, 44, 51, 72, 65, 35, 29, 38, 45, 43, 53, 69, 56, 33, 33, 38, 36, 44, 91, 83, 55, 22, 35, 40, 56, 70, 113, 107, 62, 24, 46, 56, 63, 78, 107, 114, 90, 37, 65, 80, 81, 105, 121, 119, 94, 82, 92, 107, 99, 111, 92, 99, 98]
57:[24, 38, 25, 35, 38, 38, 54, 56, 32, 27, 26, 45, 39, 50, 66, 61, 27, 27, 35, 49, 48, 57, 62, 50, 33, 26, 38, 51, 46, 87, 92, 54, 32, 48, 38, 69, 76, 99, 106, 78, 36, 39, 52, 69, 81, 109, 114, 89, 69, 66, 76, 95, 94, 122, 121, 107, 73, 93, 99, 99, 107, 101, 102, 99]
58:[25, 25, 17, 22, 36, 26, 49, 50, 24, 31, 34, 34, 28, 55, 63, 40, 23, 27, 34, 38, 56, 47, 71, 57, 20, 21, 35, 31, 46, 94, 79, 59, 21, 38, 49, 59, 81, 103, 95, 81, 34, 45, 50, 72, 78, 104, 112, 95, 39, 63, 78, 93, 105, 121, 119, 98, 88, 96, 101, 100, 112, 98, 104, 99]
59:[18, 15, 20, 25, 24, 57, 50, 57, 32, 18, 20, 28, 29, 60, 58, 62, 10, 19, 20, 33, 45, 53, 75, 49, 20, 30, 23, 25, 58, 87, 78, 64, 28, 19, 48, 72, 75, 104, 98, 77, 30, 38, 56, 61, 94, 104, 114, 90, 51, 68, 78, 80, 102, 121, 121, 100, 73, 89, 82, 98, 108, 108, 106, 105]
60:[31, 28, 38, 30, 27, 37, 48, 62, 36, 24, 25, 32, 38, 60, 53, 61, 28, 23, 25, 21, 37, 55, 69, 54, 38, 23, 33, 41, 50, 89, 87, 78, 31, 39, 33, 63, 70, 107, 99, 64, 32, 32, 44, 66, 84, 100, 119, 103, 62, 62, 69, 92, 98, 121, 121, 109, 63, 84, 97, 97, 119, 99, 105, 103]
61:[21, 25, 25, 28, 34, 47, 54, 54, 33, 34, 36, 33, 35, 56, 54, 53, 34, 30, 31, 32, 31, 49, 72, 46, 29, 30, 34, 54, 50, 79, 73, 61, 32, 30, 52, 58, 73, 108, 103, 76, 36, 53, 62, 70, 93, 95, 117, 89, 45, 66, 90, 85, 106, 121, 119, 106, 63, 103, 98, 108, 117, 106, 104, 99]
62:[30, 21, 29, 20, 22, 22, 46, 67, 19, 23, 19, 30, 34, 63, 50, 59, 28, 37, 41, 26, 45, 49, 67, 66, 33, 20, 38, 37, 68, 77, 76, 59, 24, 29, 37, 53, 63, 103, 100, 68, 31, 33, 58, 55, 83, 101, 113, 92, 59, 63, 72, 85, 108, 120, 120, 103, 60, 93, 95, 99, 115, 101, 104, 101]
63:[34, 41, 41, 27, 42, 32, 55, 71, 42, 38, 38, 32, 48, 72, 48, 70, 38, 39, 33, 43, 41, 59, 65, 60, 36, 39, 47, 44, 66, 75, 81, 67, 36, 34, 51, 63, 72, 111, 110, 72, 40, 48, 64, 66, 83, 106, 109, 94, 52, 57, 65, 79, 103, 120, 120, 82, 75, 87, 89, 99, 115, 94, 110, 96]
64:[19, 22, 32, 24, 32, 41, 48, 65, 23, 27, 20, 25, 30, 57, 61, 58, 16, 19, 21, 41, 57, 52, 63, 36, 19, 28, 31, 29, 46, 84, 77, 62, 18, 21, 41, 68, 65, 105, 105, 78, 27, 45, 57, 58, 81, 107, 115, 93, 49, 67, 80, 82, 102, 121, 117, 100, 78, 84, 92, 95, 109, 106, 100, 99]
65:[25, 27, 38, 25, 33, 47, 54, 78, 43, 25, 24, 21, 27, 50, 53, 47, 29, 41, 35, 27, 48, 56, 72, 61, 33, 41, 32, 40, 58, 89, 86, 63, 29, 38, 41, 65, 73, 106, 104, 71, 34, 47, 50, 49, 68, 109, 111, 109, 49, 63, 84, 96, 100, 121, 121, 104, 85, 98, 91, 99, 109, 102, 105, 99]
66:[32, 45, 36, 23, 54, 48, 47, 73, 39, 39, 39, 33, 44, 68, 65, 53, 33, 32, 53, 53, 53, 51, 73, 56, 33, 31, 44, 50, 41, 87, 88, 43, 32, 40, 54, 54, 75, 106, 103, 80, 39, 44, 69, 72, 82, 106, 119, 98, 55, 66, 71, 94, 106, 120, 120, 104, 67, 97, 83, 97, 109, 100, 105, 98]
67:[30, 31, 28, 24, 38, 38, 49, 67, 32, 22, 42, 34, 37, 66, 50, 57, 27, 29, 34, 37, 44, 54, 76, 58, 31, 28, 35, 27, 61, 86, 69, 68, 35, 38, 48, 53, 62, 114, 108, 79, 26, 47, 55, 64, 77, 104, 110, 89, 63, 76, 82, 97, 100, 121, 114, 96, 72, 85, 102, 104, 113, 106, 106, 103]
68:[19, 17, 21, 24, 24, 33, 58, 63, 24, 19, 17, 21, 18, 45, 52, 59, 30, 18, 19, 30, 39, 61, 52, 63, 21, 21, 37, 35, 57, 86, 78, 70, 19, 30, 36, 58, 69, 112, 104, 71, 32, 33, 59, 70, 59, 104, 115, 92, 52, 60, 75, 85, 98, 121, 122, 101, 67, 96, 92, 91, 116, 97, 102, 95]
69:[15, 22, 15, 16, 31, 38, 60, 49, 25, 16, 25, 36, 41, 64, 56, 49, 29, 33, 26, 38, 35, 67, 70, 52, 34, 23, 33, 28, 54, 86, 89, 55, 32, 33, 43, 57, 51, 107, 107, 75, 22, 30, 62, 71, 87, 102, 116, 95, 57, 72, 74, 88, 101, 120, 121, 100, 74, 85, 107, 96, 105, 97, 106, 93]
70:[27, 26, 25, 30, 37, 43, 54, 63, 32, 33, 28, 35, 27, 66, 56, 60, 26, 34, 34, 30, 48, 53, 65, 69, 38, 34, 27, 42, 58, 77, 72, 61, 32, 34, 43, 60, 72, 117, 114, 70, 30, 39, 61, 55, 80, 99, 110, 98, 52, 73, 70, 89, 110, 120, 120, 101, 70, 97, 91, 99, 113, 100, 108, 99]
71:[27, 24, 19, 25, 23, 32, 47, 57, 20, 23, 21, 32, 28, 52, 61, 55, 23, 34, 27, 29, 40, 61, 70, 55, 23, 31, 35, 32, 40, 86, 71, 56, 20, 41, 33, 51, 71, 105, 104, 70, 33, 38, 60, 70, 88, 100, 114, 92, 58, 64, 86, 87, 105, 121, 121, 96, 67, 93, 98, 96, 108, 100, 97, 110]
72:[32, 41, 31, 30, 44, 39, 70, 60, 34, 41, 35, 40, 44, 58, 67, 47, 35, 26, 46, 30, 45, 49, 77, 44, 36, 36, 52, 46, 57, 90, 86, 44, 21, 40, 33, 54, 56, 109, 110, 86, 41, 35, 65, 67, 90, 107, 109, 101, 50, 66, 76, 101, 89, 120, 119, 107, 72, 94, 99, 104, 105, 102, 100, 88]
73:[25, 19, 18, 19, 38, 40, 52, 64, 23, 16, 27, 32, 25, 60, 65, 57, 14, 20, 21, 24, 46, 63, 68, 57, 20, 30, 31, 36, 45, 91, 86, 54, 25, 22, 43, 61, 72, 110, 107, 76, 20, 31, 54, 62, 79, 100, 112, 91, 39, 55, 78, 88, 100, 121, 121, 99, 71, 91, 98, 97, 115, 98, 100, 96]
74:[21, 21, 34, 18, 39, 24, 49, 66, 31, 28, 23, 27, 31, 58, 60, 49, 23, 19, 24, 28, 37, 75, 70, 56, 23, 25, 37, 42, 72, 88, 85, 61, 22, 24, 35, 56, 72, 107, 100, 79, 33, 31, 64, 61, 76, 112, 115, 94, 57, 62, 79, 90, 106, 120, 119, 100, 75, 95, 97, 96, 117, 111, 104, 99]
75:[26, 39, 31, 28, 24, 57, 41, 52, 23, 18, 38, 34, 31, 56, 50, 56, 22, 26, 20, 32, 53, 71, 65, 48, 15, 34, 25, 47, 40, 98, 78, 55, 30, 23, 29, 55, 62, 112, 99, 81, 29, 38, 46, 73, 89, 108, 113, 97, 61, 71, 86, 90, 104, 119, 121, 102, 69, 103, 98, 106, 118, 98, 100, 99]
76:[16, 32, 25, 20, 38, 36, 59, 66, 27, 23, 26, 23, 22, 58, 63, 66, 29, 35, 21, 25, 28, 55, 71, 63, 33, 16, 33, 33, 50, 80, 74, 64, 23, 29, 40, 60, 69, 109, 101, 87, 29, 50, 61, 73, 71, 106, 113, 94, 44, 69, 70, 92, 98, 121, 121, 106, 59, 95, 96, 97, 110, 92, 101, 100]
77:[24, 16, 27, 20, 26, 34, 62, 65, 30, 18, 18, 30, 32, 60, 59, 58, 23, 29, 29, 26, 35, 60, 70, 66, 26, 28, 36, 35, 47, 93, 70, 57, 23, 26, 32, 60, 74, 111, 98, 84, 30, 31, 46, 58, 82, 105, 116, 95, 63, 58, 81, 89, 100, 119, 120, 98, 67, 86, 93, 102, 114, 96, 100, 96]
78:[26, 19, 23, 16, 17, 43, 45, 57, 26, 25, 19, 35, 24, 65, 55, 52, 28, 22, 25, 35, 32, 67, 77, 64, 21, 21, 25, 28, 60, 88, 71, 51, 29, 31, 44, 60, 74, 108, 102, 72, 22, 37, 38, 62, 78, 102, 114, 98, 45, 58, 79, 88, 106, 121, 120, 98, 68, 85, 104, 90, 113, 104, 103, 85]
79:[23, 23, 25, 22, 42, 43, 46, 70, 35, 23, 28, 30, 25, 55, 63, 54, 25, 31, 30, 26, 49, 56, 68, 53, 34, 35, 31, 36, 38, 86, 80, 71, 44, 30, 35, 53, 68, 115, 106, 70, 32, 44, 75, 68, 92, 108, 115, 80, 41, 66, 79, 92, 106, 120, 120, 103, 78, 92, 90, 94, 113, 92, 104, 95]
80:[24, 18, 24, 25, 36, 44, 42, 49, 31, 27, 30, 26, 34, 51, 66, 64, 34, 30, 26, 26, 40, 44, 63, 56, 35, 24, 27, 20, 46, 76, 75, 66, 32, 24, 40, 57, 45, 108, 97, 79, 26, 34, 36, 62, 83, 106, 117, 91, 60, 58, 76, 81, 113, 121, 120, 104, 72, 95, 96, 97, 112, 99, 100, 98]
81:[26, 29, 29, 24, 32, 40, 52, 56, 23, 20, 32, 25, 37, 62, 68, 36, 14, 27, 34, 35, 44, 65, 61, 60, 31, 26, 31, 37, 49, 85, 79, 53, 21, 33, 33, 66, 78, 112, 101, 75, 21, 28, 55, 75, 85, 107, 116, 84, 49, 60, 81, 86, 103, 122, 121, 100, 72, 98, 92, 84, 114, 98, 102, 90]
82:[33, 31, 20, 13, 40, 48, 50, 67, 21, 18, 19, 22, 31, 60, 65, 54, 18, 26, 26, 24, 40, 60, 64, 54, 30, 24, 37, 28, 51, 84, 72, 58, 29, 35, 34, 63, 75, 108, 108, 75, 20, 40, 49, 66, 81, 107, 114, 97, 53, 78, 79, 80, 111, 121, 118, 102, 79, 86, 99, 107, 109, 103, 109, 99]
83:[31, 18, 18, 18, 38, 44, 55, 60, 25, 18, 19, 30, 28, 61, 62, 54, 25, 27, 23, 31, 22, 57, 57, 53, 24, 23, 30, 35, 52, 82, 90, 55, 20, 32, 29, 47, 68, 110, 104, 74, 22, 31, 50, 66, 80, 108, 114, 88, 51, 60, 78, 84, 107, 122, 119, 95, 67, 94, 95, 101, 109, 86, 96, 94]
84:[23, 22, 32, 18, 24, 38, 42, 64, 25, 28, 38, 26, 24, 52, 77, 61, 23, 30, 23, 38, 33, 61, 65, 44, 30, 28, 36, 31, 51, 87, 85, 66, 30, 30, 45, 63, 69, 107, 103, 89, 24, 40, 61, 60, 78, 107, 117, 89, 46, 67, 83, 95, 109, 121, 119, 96, 79, 84, 92, 99, 116, 105, 107, 99]
85:[26, 25, 39, 22, 49, 39, 47, 67, 39, 23, 42, 30, 28, 58, 70, 46, 35, 25, 34, 49, 42, 60, 70, 48, 30, 28, 32, 36, 54, 92, 89, 53, 27, 38, 41, 61, 70, 108, 108, 71, 29, 43, 47, 63, 92, 108, 117, 93, 52, 70, 77, 95, 108, 120, 121, 97, 70, 100, 98, 99, 112, 100, 105, 99]
86:[21, 24, 19, 22, 35, 41, 52, 61, 25, 22, 20, 29, 27, 63, 58, 66, 30, 23, 21, 31, 58, 68, 78, 48, 34, 27, 24, 32, 51, 89, 82, 68, 26, 27, 40, 42, 73, 114, 110, 80, 30, 50, 55, 71, 79, 102, 116, 95, 40, 55, 68, 86, 108, 121, 121, 97, 79, 96, 97, 98, 115, 99, 105, 102]
87:[29, 18, 20, 19, 35, 36, 49, 62, 18, 30, 26, 27, 21, 65, 61, 47, 20, 22, 20, 33, 38, 53, 68, 57, 28, 20, 22, 31, 45, 91, 83, 47, 29, 29, 34, 56, 71, 111, 102, 78, 26, 44, 53, 70, 76, 103, 116, 98, 52, 72, 77, 85, 107, 121, 120, 102, 62, 91, 104, 96, 107, 97, 104, 106]
88:[26, 20, 21, 28, 24, 36, 41, 55, 35, 14, 23, 22, 22, 65, 57, 51, 21, 22, 26, 25, 45, 59, 69, 49, 32, 33, 35, 30, 46, 92, 73, 67, 33, 32, 39, 55, 64, 111, 107, 63, 38, 38, 50, 61, 80, 105, 113, 95, 32, 61, 77, 87, 99, 122, 121, 96, 76, 94, 90, 96, 113, 104, 102, 98]
89:[30, 17, 18, 21, 21, 40, 57, 70, 20, 31, 19, 27, 29, 58, 65, 65, 32, 30, 28, 35, 46, 48, 70, 60, 23, 31, 34, 28, 56, 83, 75, 55, 30, 32, 44, 57, 73, 109, 103, 78, 42, 45, 42, 71, 76, 108, 113, 96, 42, 59, 75, 83, 103, 121, 119, 98, 73, 96, 93, 100, 111, 90, 102, 104]
90:[33, 24, 20, 24, 27, 52, 59, 66, 29, 27, 25, 23, 23, 56, 56, 57, 20, 28, 34, 32, 37, 46, 70, 54, 24, 21, 25, 37, 57, 92, 82, 52, 26, 32, 36, 47, 69, 113, 100, 77, 30, 44, 63, 72, 90, 105, 107, 84, 47, 71, 80, 72, 96, 122, 121, 101, 71, 106, 98, 102, 116, 98, 109, 106]
91:[28, 24, 37, 25, 30, 45, 66, 66, 20, 25, 35, 35, 41, 66, 72, 55, 26, 27, 37, 46, 45, 64, 60, 53, 33, 28, 44, 49, 44, 92, 83, 66, 34, 38, 51, 52, 55, 112, 105, 74, 49, 32, 50, 61, 75, 101, 110, 89, 40, 50, 76, 79, 101, 121, 118, 99, 81, 99, 97, 100, 115, 103, 109, 99]
92:[40, 42, 40, 35, 49, 53, 57, 52, 42, 41, 41, 39, 49, 74, 73, 60, 39, 46, 35, 61, 50, 56, 59, 55, 46, 30, 44, 51, 54, 94, 81, 57, 32, 33, 48, 65, 73, 94, 108, 86, 44, 40, 56, 76, 68, 100, 114, 94, 60, 61, 79, 86, 100, 122, 122, 92, 72, 102, 95, 102, 107, 94, 103, 105]
93:[26, 36, 20, 30, 40, 37, 53, 51, 20, 28, 31, 21, 27, 71, 53, 62, 21, 22, 29, 31, 45, 60, 65, 70, 22, 23, 35, 27, 41, 78, 89, 67, 23, 36, 30, 58, 72, 111, 97, 72, 42, 23, 63, 54, 73, 102, 109, 93, 47, 67, 77, 84, 111, 121, 121, 101, 73, 93, 98, 98, 113, 100, 105, 92]
94:[33, 21, 21, 21, 28, 40, 45, 53, 29, 21, 27, 31, 40, 64, 72, 47, 20, 27, 23, 36, 46, 59, 60, 46, 33, 33, 31, 44, 55, 82, 79, 67, 24, 24, 48, 53, 63, 108, 94, 88, 35, 28, 61, 73, 84, 97, 117, 95, 60, 64, 72, 93, 99, 121, 119, 104, 75, 95, 90, 97, 111, 102, 103, 99]
95:[26, 31, 22, 25, 40, 55, 64, 63, 29, 35, 35, 27, 47, 54, 58, 46, 28, 27, 24, 40, 50, 53, 64, 52, 29, 28, 32, 35, 57, 84, 83, 65, 20, 25, 45, 46, 76, 103, 103, 69, 35, 35, 58, 63, 85, 105, 112, 87, 40, 50, 78, 83, 107, 121, 121, 104, 81, 88, 98, 102, 111, 104, 106, 99]
96:[36, 39, 40, 37, 46, 50, 38, 56, 37, 28, 34, 31, 38, 62, 76, 71, 42, 28, 46, 40, 66, 56, 77, 66, 41, 37, 44, 49, 57, 68, 83, 78, 37, 38, 58, 56, 70, 114, 99, 71, 51, 37, 66, 75, 84, 94, 116, 93, 48, 61, 74, 83, 110, 120, 120, 103, 81, 89, 92, 97, 112, 92, 106, 98]
97:[37, 34, 43, 29, 44, 48, 48, 62, 38, 31, 39, 32, 40, 62, 80, 51, 24, 45, 44, 42, 49, 54, 73, 53, 42, 41, 29, 46, 61, 92, 73, 60, 39, 49, 56, 51, 73, 101, 104, 75, 30, 52, 63, 60, 84, 102, 114, 94, 40, 57, 89, 84, 90, 122, 122, 107, 73, 89, 102, 94, 106, 104, 108, 98]
98:[26, 31, 26, 28, 30, 27, 54, 64, 42, 30, 25, 29, 28, 68, 51, 59, 25, 28, 29, 40, 41, 61, 57, 55, 37, 32, 31, 25, 59, 96, 83, 71, 34, 34, 25, 60, 68, 109, 104, 79, 39, 29, 60, 62, 71, 107, 113, 95, 52, 58, 75, 87, 106, 121, 121, 96, 61, 95, 91, 102, 116, 106, 108, 96]
99:[36, 41, 37, 28, 44, 53, 57, 48, 24, 44, 43, 47, 52, 61, 59, 53, 32, 39, 41, 38, 40, 49, 70, 60, 34, 35, 53, 38, 47, 85, 90, 70, 33, 40, 58, 56, 57, 107, 99, 81, 51, 55, 69, 69, 76, 108, 110, 90, 34, 64, 75, 89, 107, 121, 121, 97, 73, 95, 101, 94, 119, 100, 104, 105]
