0:[55, 8, 51, 37, 41, 75, 106, 82, 41, 41, 17, 86, 69, 63, 84, 91, 68, 57, 87, 47, 67, 51, 70, 55, 48, 37, 49, 77, 65, 68, 110, 99, 59, 65, 86, 78, 66, 115, 115, 109, 35, 35, 77, 75, 97, 126, 111, 99, 89, 75, 62, 96, 114, 125, 123, 101, 56, 110, 75, 122, 122, 108, 93, 101]
1:[33, 27, 59, 55, 81, 61, 67, 89, 66, 49, 45, 67, 40, 79, 75, 67, 55, 36, 2, 61, 70, 66, 78, 71, 78, 51, 17, 93, 65, 77, 108, 78, 44, 54, 75, 78, 97, 118, 109, 80, 63, 55, 86, 70, 108, 111, 105, 91, 60, 86, 105, 71, 104, 124, 119, 79, 85, 93, 112, 121, 115, 116, 114, 80]
10:[69, 62, 55, 50, 58, 64, 62, 78, 61, 17, 63, 55, 57, 76, 108, 73, 59, 50, 68, 57, 68, 59, 88, 80, 31, 64, 48, 86, 45, 75, 65, 62, 19, 68, 55, 69, 96, 122, 108, 88, 56, 77, 67, 100, 96, 115, 118, 111, 68, 68, 74, 102, 110, 125, 122, 107, 91, 95, 121, 96, 116, 106, 106, 106]
11:[42, 71, 25, 59, 42, 50, 66, 77, 50, 46, 35, 67, 55, 86, 75, 83, 59, 38, 67, 56, 77, 60, 81, 105, 75, 48, 31, 76, 66, 78, 110, 55, 39, 46, 79, 81, 98, 117, 115, 75, 47, 65, 66, 99, 92, 109, 123, 110, 72, 62, 90, 111, 110, 120, 125, 107, 93, 105, 119, 90, 112, 72, 122, 119]
12:[75, 56, 69, 56, 79, 85, 85, 86, 56, 42, 70, 75, 39, 72, 95, 79, 67, 68, 36, 90, 68, 68, 85, 79, 56, 46, 4, 36, 67, 103, 91, 69, 62, 37, 96, 86, 113, 108, 105, 86, 65, 76, 59, 76, 100, 105, 113, 111, 88, 90, 79, 87, 108, 126, 122, 116, 85, 103, 113, 115, 112, 105, 85, 118]
13:[86, 26, 50, 35, 53, 75, 94, 85, 46, 77, 75, 50, 67, 85, 61, 86, 70, 47, 72, 76, 76, 80, 81, 79, 67, 71, 68, 83, 102, 125, 93, 98, 52, 63, 68, 104, 97, 115, 120, 96, 67, 61, 75, 75, 105, 122, 120, 108, 65, 106, 97, 95, 123, 120, 119, 104, 91, 70, 105, 115, 120, 109, 115, 77]
14:[39, 79, 53, 37, 70, 5, 65, 99, 63, 39, 56, 61, 25, 97, 105, 84, 89, 73, 46, 63, 60, 69, 97, 48, 77, 68, 30, 56, 77, 107, 78, 89, 16, 35, 97, 89, 82, 121, 105, 87, 25, 61, 87, 82, 111, 119, 118, 86, 92, 89, 96, 114, 111, 124, 119, 125, 75, 96, 100, 90, 117, 118, 119, 107]
15:[36, 50, 2, 27, 89, 81, 63, 65, 54, 61, 78, 56, 61, 48, 77, 55, 42, 55, 71, 88, 59, 92, 110, 95, 75, 68, 66, 77, 68, 107, 95, 85, 65, 55, 46, 75, 86, 114, 110, 112, 60, 78, 101, 77, 88, 118, 107, 100, 95, 102, 77, 87, 107, 123, 115, 106, 90, 97, 95, 112, 112, 108, 113, 102]
16:[56, 49, 51, 70, 54, 73, 90, 70, 38, 60, 65, 59, 61, 96, 62, 107, 57, 6, 49, 65, 88, 80, 62, 72, 79, 45, 39, 54, 77, 116, 75, 75, 87, 5, 68, 58, 88, 122, 115, 66, 52, 75, 95, 99, 82, 92, 122, 113, 75, 56, 97, 95, 105, 121, 123, 110, 108, 107, 104, 106, 123, 105, 115, 108]
17:[28, 56, 55, 42, 60, 59, 102, 83, 26, 50, 43, 38, 55, 93, 73, 85, 84, 52, 51, 46, 49, 75, 73, 77, 64, 35, 49, 59, 90, 77, 71, 86, 72, 53, 66, 73, 65, 120, 111, 104, 66, 68, 100, 73, 108, 110, 118, 113, 94, 46, 100, 101, 114, 119, 120, 105, 96, 100, 104, 93, 117, 90, 106, 102]
18:[69, 60, 1, 51, 26, 68, 53, 52, 35, 20, 46, 55, 48, 82, 45, 79, 61, 58, 39, 48, 85, 118, 100, 88, 58, 45, 35, 67, 75, 117, 109, 80, 46, 46, 68, 88, 76, 116, 112, 70, 57, 37, 65, 97, 101, 90, 111, 107, 95, 76, 105, 91, 108, 125, 127, 102, 101, 119, 112, 119, 108, 96, 117, 115]
19:[39, 45, 78, 61, 46, 55, 75, 67, 96, 67, 56, 85, 106, 55, 96, 78, 30, 68, 77, 62, 83, 95, 91, 65, 62, 35, 65, 77, 109, 110, 77, 79, 57, 39, 67, 86, 95, 107, 121, 66, 59, 66, 107, 95, 95, 118, 121, 107, 86, 61, 98, 88, 117, 117, 115, 98, 99, 97, 100, 111, 119, 107, 96, 104]
2:[77, 55, 69, 75, 72, 73, 31, 73, 55, 75, 38, 43, 68, 93, 52, 88, 17, 27, 55, 75, 47, 90, 86, 67, 50, 79, 71, 48, 97, 76, 89, 71, 54, 47, 59, 85, 72, 108, 109, 98, 73, 107, 67, 67, 97, 99, 116, 103, 69, 80, 111, 107, 118, 128, 120, 110, 60, 113, 100, 102, 120, 117, 113, 112]
20:[75, 86, 65, 65, 19, 65, 81, 58, 57, 66, 46, 71, 78, 75, 88, 50, 85, 56, 27, 40, 59, 86, 55, 77, 56, 74, 45, 56, 66, 76, 97, 76, 94, 67, 65, 66, 83, 120, 119, 95, 39, 89, 95, 78, 79, 103, 102, 98, 50, 61, 104, 77, 108, 119, 121, 114, 74, 115, 111, 107, 108, 99, 107, 117]
21:[50, 75, 46, 55, 50, 87, 55, 77, 39, 25, 53, 37, 81, 84, 104, 68, 35, 31, 57, 49, 77, 46, 60, 71, 45, 75, 75, 59, 94, 108, 97, 79, 65, 31, 45, 52, 92, 125, 104, 94, 47, 69, 108, 75, 85, 127, 122, 83, 59, 68, 65, 78, 110, 99, 124, 109, 110, 79, 116, 103, 105, 122, 106, 107]
22:[60, 36, 65, 74, 68, 79, 85, 103, 52, 56, 88, 98, 76, 40, 106, 45, 47, 67, 23, 21, 82, 109, 87, 80, 61, 89, 26, 59, 75, 87, 106, 85, 46, 70, 80, 66, 108, 116, 112, 96, 68, 86, 56, 35, 87, 112, 116, 102, 55, 87, 77, 90, 88, 125, 120, 89, 85, 82, 90, 111, 116, 86, 66, 97]
23:[66, 56, 57, 86, 85, 47, 58, 72, 75, 28, 77, 50, 50, 79, 99, 83, 45, 59, 91, 28, 88, 86, 88, 39, 60, 47, 67, 59, 56, 107, 95, 82, 50, 58, 61, 57, 88, 120, 125, 101, 79, 78, 70, 82, 94, 96, 119, 126, 68, 67, 86, 49, 109, 125, 123, 105, 88, 93, 113, 85, 117, 88, 120, 97]
24:[55, 50, 47, 35, 86, 90, 99, 64, 48, 49, 58, 69, 46, 57, 83, 65, 46, 57, 41, 70, 47, 53, 92, 90, 76, 55, 61, 63, 96, 107, 98, 70, 60, 95, 38, 77, 95, 112, 108, 97, 48, 48, 62, 67, 105, 105, 119, 86, 50, 97, 98, 79, 115, 119, 109, 106, 96, 92, 113, 108, 112, 106, 107, 102]
25:[49, 62, 49, 58, 75, 62, 49, 98, 21, 56, 57, 48, 50, 55, 61, 67, 46, 29, 39, 65, 60, 68, 77, 99, 65, 45, 57, 67, 55, 95, 102, 59, 63, 74, 66, 73, 82, 108, 112, 76, 56, 46, 86, 75, 96, 109, 110, 101, 45, 88, 78, 100, 109, 120, 105, 85, 100, 118, 101, 108, 118, 114, 102, 85]
26:[77, 26, 49, 58, 39, 46, 79, 106, 76, 52, 65, 98, 52, 81, 93, 117, 17, 50, 77, 58, 87, 89, 96, 80, 45, 72, 61, 61, 68, 95, 85, 66, 40, 68, 40, 76, 101, 116, 112, 79, 57, 70, 85, 106, 87, 117, 127, 100, 59, 67, 76, 118, 110, 126, 120, 112, 97, 81, 96, 111, 99, 119, 99, 96]
27:[40, 73, 40, 54, 31, 89, 88, 86, 66, 56, 11, 35, 81, 106, 82, 76, 45, 64, 46, 75, 20, 61, 88, 68, 25, 2, 85, 62, 83, 121, 94, 91, 41, 49, 78, 76, 108, 100, 119, 101, 66, 78, 98, 95, 95, 119, 118, 91, 56, 100, 80, 108, 118, 126, 126, 117, 92, 110, 70, 116, 116, 117, 108, 110]
28:[90, 75, 45, 47, 98, 66, 85, 90, 63, 39, 58, 36, 45, 69, 65, 83, 68, 35, 77, 73, 81, 62, 66, 78, 75, 61, 85, 82, 77, 106, 102, 85, 91, 78, 78, 92, 96, 117, 87, 87, 77, 88, 58, 97, 111, 114, 118, 97, 85, 67, 105, 117, 92, 115, 115, 115, 91, 105, 99, 91, 118, 111, 115, 122]
29:[58, 55, 55, 25, 63, 68, 97, 98, 57, 30, 81, 37, 43, 62, 55, 66, 48, 93, 39, 102, 65, 92, 59, 97, 90, 60, 55, 94, 62, 109, 98, 69, 68, 78, 56, 48, 65, 118, 117, 108, 88, 39, 88, 58, 98, 111, 125, 87, 82, 105, 71, 85, 107, 125, 121, 116, 112, 105, 100, 99, 125, 111, 108, 119]
3:[52, 65, 65, 80, 77, 81, 58, 58, 62, 59, 59, 75, 65, 87, 85, 63, 57, 55, 56, 46, 59, 107, 85, 57, 65, 55, 55, 84, 66, 107, 97, 85, 68, 46, 58, 68, 91, 105, 122, 89, 35, 49, 109, 98, 99, 87, 111, 106, 93, 39, 95, 99, 115, 116, 121, 119, 98, 102, 89, 100, 117, 120, 116, 75]
30:[56, 65, 40, 17, 75, 55, 36, 50, 48, 57, 78, 77, 72, 82, 96, 83, 51, 36, 55, 77, 84, 79, 103, 68, 68, 52, 76, 38, 111, 91, 115, 78, 28, 79, 81, 88, 109, 107, 128, 119, 59, 71, 71, 95, 96, 115, 116, 118, 67, 107, 98, 117, 87, 125, 128, 96, 71, 115, 114, 116, 126, 105, 96, 102]
31:[47, 59, 64, 82, 59, 79, 70, 86, 85, 57, 38, 78, 55, 77, 104, 80, 34, 50, 73, 45, 30, 67, 66, 103, 19, 30, 54, 82, 71, 95, 99, 68, 39, 32, 66, 73, 87, 116, 105, 106, 47, 71, 68, 87, 98, 105, 101, 91, 69, 91, 91, 110, 114, 128, 122, 113, 80, 75, 93, 102, 95, 91, 107, 101]
32:[90, 59, 76, 75, 68, 63, 64, 65, 75, 62, 18, 45, 57, 101, 107, 61, 65, 36, 93, 71, 50, 89, 97, 88, 43, 20, 59, 66, 59, 93, 71, 76, 65, 61, 51, 82, 65, 103, 119, 80, 77, 71, 65, 60, 75, 105, 108, 110, 37, 84, 103, 89, 113, 125, 124, 115, 66, 107, 99, 85, 100, 105, 103, 101]
33:[68, 45, 25, 40, 68, 53, 106, 76, 68, 35, 37, 71, 46, 100, 57, 85, 3, 57, 72, 79, 99, 67, 97, 84, 45, 87, 63, 76, 95, 97, 76, 86, 45, 36, 74, 65, 96, 129, 107, 96, 91, 76, 103, 67, 87, 117, 121, 75, 78, 85, 94, 117, 115, 126, 123, 106, 97, 108, 104, 88, 108, 95, 116, 105]
34:[78, 66, 31, 49, 73, 58, 93, 101, 40, 49, 25, 55, 75, 98, 66, 105, 55, 67, 58, 77, 80, 66, 77, 80, 63, 76, 45, 83, 85, 110, 77, 96, 72, 63, 79, 99, 90, 119, 121, 95, 57, 65, 88, 80, 101, 100, 115, 97, 75, 105, 93, 99, 117, 125, 123, 109, 108, 113, 119, 118, 109, 105, 122, 116]
35:[46, 85, 83, 71, 58, 66, 78, 79, 65, 67, 67, 19, 65, 75, 89, 46, 82, 78, 39, 75, 70, 78, 111, 110, 83, 55, 76, 46, 75, 107, 111, 98, 63, 50, 73, 108, 90, 110, 116, 90, 76, 63, 95, 86, 117, 103, 114, 107, 62, 63, 77, 97, 111, 123, 122, 99, 58, 103, 106, 110, 123, 121, 122, 97]
36:[53, 46, 35, 51, 59, 49, 70, 63, 46, 69, 28, 26, 55, 85, 76, 89, 46, 65, 30, 47, 75, 36, 98, 76, 1, 57, 68, 67, 65, 75, 107, 94, 75, 75, 84, 62, 97, 115, 123, 90, 78, 87, 52, 106, 91, 117, 106, 103, 61, 70, 106, 109, 117, 128, 129, 98, 105, 98, 111, 111, 110, 108, 114, 86]
37:[76, 50, 63, 81, 83, 73, 55, 50, 53, 39, 61, 40, 50, 114, 74, 76, 45, 69, 55, 59, 67, 85, 105, 78, 66, 84, 40, 45, 69, 111, 98, 78, 64, 76, 66, 98, 101, 108, 106, 95, 68, 59, 99, 67, 67, 122, 125, 95, 80, 71, 118, 105, 93, 125, 126, 115, 99, 93, 108, 108, 123, 118, 99, 84]
38:[69, 61, 72, 53, 82, 41, 88, 55, 65, 68, 76, 88, 76, 67, 90, 76, 88, 43, 17, 58, 69, 73, 70, 55, 38, 3, 70, 76, 95, 80, 95, 60, 35, 59, 68, 84, 88, 110, 102, 104, 46, 38, 58, 88, 75, 106, 120, 92, 75, 96, 94, 100, 113, 116, 117, 110, 91, 108, 104, 104, 121, 97, 113, 110]
39:[73, 59, 18, 65, 96, 71, 57, 65, 65, 56, 50, 66, 48, 85, 82, 75, 91, 75, 45, 95, 69, 98, 94, 67, 91, 51, 47, 91, 77, 123, 115, 82, 55, 78, 81, 98, 71, 107, 75, 92, 94, 81, 95, 91, 86, 115, 117, 93, 101, 84, 92, 112, 112, 126, 125, 108, 96, 106, 111, 98, 117, 88, 116, 107]
4:[57, 66, 53, 70, 51, 87, 107, 61, 76, 35, 75, 48, 89, 68, 65, 69, 77, 38, 87, 81, 79, 77, 97, 73, 60, 45, 90, 79, 57, 109, 96, 83, 35, 45, 56, 108, 87, 115, 114, 83, 67, 56, 59, 78, 102, 107, 111, 121, 56, 68, 59, 85, 121, 125, 126, 116, 79, 98, 117, 116, 124, 102, 111, 97]
40:[66, 98, 68, 45, 35, 91, 79, 100, 45, 72, 65, 45, 62, 100, 78, 95, 47, 78, 37, 75, 70, 85, 97, 76, 55, 76, 71, 73, 88, 96, 109, 100, 67, 62, 115, 74, 76, 115, 116, 81, 50, 67, 72, 85, 103, 118, 108, 89, 60, 109, 83, 106, 120, 125, 121, 108, 69, 112, 111, 101, 123, 96, 102, 106]
41:[55, 85, 45, 35, 69, 77, 88, 84, 46, 75, 46, 49, 59, 95, 84, 106, 67, 35, 65, 93, 87, 73, 81, 53, 41, 72, 77, 76, 90, 115, 78, 90, 60, 72, 53, 91, 101, 85, 98, 85, 69, 81, 72, 94, 84, 111, 122, 111, 86, 65, 108, 110, 115, 122, 117, 109, 109, 102, 112, 116, 112, 107, 105, 107]
42:[70, 31, 73, 91, 1, 67, 75, 84, 94, 51, 37, 81, 55, 106, 35, 62, 41, 77, 27, 56, 52, 75, 84, 76, 47, 46, 52, 35, 86, 95, 87, 86, 74, 47, 79, 97, 92, 106, 126, 95, 69, 73, 89, 102, 96, 102, 120, 128, 39, 65, 100, 111, 95, 117, 128, 116, 82, 100, 83, 111, 106, 119, 116, 107]
43:[74, 51, 59, 56, 35, 66, 63, 95, 55, 56, 66, 61, 68, 84, 72, 77, 51, 45, 29, 45, 71, 71, 64, 87, 59, 47, 35, 37, 65, 83, 105, 88, 84, 52, 46, 49, 104, 120, 106, 102, 65, 57, 78, 109, 95, 95, 116, 99, 91, 105, 108, 75, 89, 119, 122, 116, 80, 116, 110, 94, 118, 105, 119, 119]
44:[56, 47, 78, 45, 27, 76, 66, 70, 49, 46, 27, 86, 37, 101, 98, 95, 28, 15, 65, 56, 68, 99, 94, 70, 67, 45, 88, 87, 89, 86, 91, 99, 49, 77, 49, 82, 105, 117, 116, 106, 45, 75, 85, 96, 108, 120, 123, 95, 66, 82, 85, 105, 114, 118, 114, 108, 68, 70, 90, 106, 125, 118, 116, 105]
45:[36, 46, 60, 55, 66, 55, 107, 60, 52, 76, 49, 48, 48, 69, 84, 68, 79, 45, 66, 45, 68, 70, 56, 101, 65, 4, 64, 55, 66, 105, 74, 88, 58, 76, 81, 95, 78, 112, 111, 81, 33, 85, 78, 61, 96, 105, 116, 95, 37, 85, 84, 75, 119, 119, 116, 95, 80, 89, 106, 90, 105, 99, 114, 112]
46:[45, 90, 25, 47, 35, 60, 107, 77, 56, 57, 58, 75, 15, 69, 81, 56, 51, 41, 45, 43, 78, 79, 96, 98, 25, 48, 76, 72, 60, 98, 75, 106, 39, 61, 68, 84, 56, 125, 116, 103, 58, 55, 100, 108, 95, 116, 123, 112, 69, 83, 96, 88, 123, 109, 124, 116, 99, 99, 116, 122, 110, 116, 117, 115]
47:[60, 15, 36, 71, 75, 79, 80, 95, 50, 53, 49, 17, 59, 75, 77, 99, 56, 55, 45, 92, 68, 100, 88, 99, 55, 53, 15, 52, 87, 97, 116, 105, 19, 62, 91, 89, 105, 100, 112, 95, 76, 51, 74, 66, 121, 98, 100, 100, 73, 70, 117, 106, 121, 125, 119, 118, 109, 103, 121, 96, 106, 98, 113, 113]
48:[57, 44, 70, 60, 56, 82, 99, 88, 86, 55, 75, 62, 70, 71, 79, 85, 67, 55, 61, 48, 36, 87, 85, 87, 57, 43, 62, 57, 75, 105, 77, 95, 45, 51, 62, 95, 70, 117, 100, 107, 84, 101, 79, 91, 86, 97, 117, 126, 97, 111, 94, 98, 118, 123, 127, 116, 98, 89, 97, 118, 119, 111, 97, 122]
49:[40, 71, 45, 52, 57, 29, 68, 76, 4, 86, 49, 36, 46, 74, 66, 76, 66, 66, 15, 65, 57, 79, 73, 77, 44, 70, 42, 55, 79, 92, 74, 70, 35, 43, 72, 65, 87, 107, 115, 77, 36, 46, 75, 62, 79, 112, 122, 65, 45, 81, 67, 88, 105, 125, 121, 115, 89, 85, 111, 100, 117, 101, 120, 109]
5:[85, 46, 16, 32, 79, 74, 49, 52, 56, 51, 71, 53, 65, 107, 54, 86, 50, 64, 45, 75, 74, 69, 99, 106, 57, 65, 47, 36, 79, 86, 108, 64, 45, 37, 64, 70, 91, 118, 99, 85, 60, 39, 85, 66, 99, 115, 118, 100, 54, 90, 108, 108, 111, 120, 122, 122, 105, 111, 108, 96, 111, 117, 109, 115]
50:[39, 29, 49, 65, 59, 66, 85, 65, 62, 46, 77, 63, 69, 99, 86, 75, 65, 69, 86, 55, 76, 75, 75, 96, 46, 55, 47, 28, 67, 77, 106, 90, 45, 74, 92, 58, 92, 107, 108, 99, 66, 96, 71, 78, 96, 115, 106, 117, 61, 97, 76, 81, 113, 125, 126, 105, 61, 111, 115, 105, 110, 99, 112, 105]
51:[60, 55, 85, 41, 85, 79, 95, 85, 59, 57, 52, 60, 85, 94, 78, 82, 76, 25, 59, 89, 87, 93, 76, 86, 56, 66, 28, 58, 92, 98, 101, 79, 85, 103, 51, 59, 99, 117, 115, 88, 75, 81, 86, 62, 92, 107, 116, 105, 84, 86, 83, 90, 105, 111, 125, 105, 109, 108, 103, 118, 125, 117, 107, 108]
52:[80, 54, 16, 62, 50, 67, 76, 45, 55, 25, 75, 79, 1, 77, 81, 85, 38, 78, 49, 84, 85, 38, 79, 81, 47, 55, 72, 63, 75, 85, 125, 100, 60, 46, 75, 79, 60, 108, 112, 105, 55, 63, 69, 90, 101, 118, 99, 106, 49, 104, 66, 99, 109, 125, 117, 124, 77, 112, 97, 95, 115, 120, 105, 108]
53:[82, 83, 46, 26, 87, 43, 106, 80, 61, 68, 35, 28, 39, 78, 50, 72, 41, 39, 64, 41, 95, 51, 92, 86, 81, 89, 90, 64, 106, 116, 86, 93, 25, 57, 73, 50, 67, 100, 120, 96, 19, 61, 61, 90, 122, 110, 109, 107, 73, 53, 78, 103, 105, 123, 106, 123, 94, 106, 87, 110, 100, 116, 115, 112]
54:[67, 65, 6, 87, 55, 84, 87, 75, 55, 55, 83, 67, 93, 78, 77, 55, 49, 72, 86, 71, 65, 85, 88, 78, 71, 73, 65, 47, 90, 88, 101, 90, 53, 48, 61, 66, 96, 105, 110, 76, 41, 65, 68, 90, 106, 119, 122, 86, 88, 67, 90, 102, 121, 123, 120, 118, 105, 96, 79, 90, 117, 75, 115, 110]
55:[55, 57, 26, 67, 68, 82, 65, 72, 52, 26, 57, 47, 39, 99, 87, 69, 64, 48, 46, 76, 65, 105, 67, 96, 45, 79, 71, 74, 77, 103, 80, 76, 62, 58, 59, 55, 114, 96, 106, 90, 81, 53, 70, 100, 96, 110, 124, 101, 59, 80, 97, 108, 117, 128, 117, 117, 90, 95, 119, 85, 99, 107, 117, 106]
56:[66, 58, 65, 49, 44, 77, 59, 66, 26, 37, 42, 86, 65, 110, 55, 57, 38, 60, 16, 51, 98, 66, 90, 95, 46, 46, 27, 39, 27, 108, 90, 90, 55, 41, 52, 87, 99, 118, 108, 107, 79, 77, 58, 79, 108, 120, 125, 118, 47, 95, 98, 82, 99, 125, 103, 112, 90, 106, 95, 89, 125, 101, 117, 121]
57:[67, 72, 37, 28, 3, 82, 51, 102, 63, 59, 59, 18, 56, 65, 96, 75, 28, 38, 35, 47, 49, 80, 91, 95, 15, 32, 67, 49, 75, 96, 101, 104, 74, 61, 76, 84, 85, 105, 107, 61, 49, 40, 92, 87, 117, 115, 126, 109, 66, 98, 106, 95, 112, 126, 117, 105, 89, 70, 125, 94, 106, 111, 118, 115]
58:[52, 65, 46, 58, 30, 47, 45, 61, 65, 70, 88, 50, 46, 67, 79, 82, 25, 50, 59, 41, 58, 86, 97, 103, 75, 28, 62, 90, 98, 88, 77, 100, 28, 43, 71, 72, 76, 98, 111, 85, 83, 49, 68, 105, 100, 116, 120, 87, 88, 55, 101, 115, 116, 122, 121, 113, 78, 90, 110, 80, 122, 97, 111, 108]
59:[60, 37, 69, 46, 95, 65, 60, 88, 68, 76, 69, 55, 75, 87, 86, 70, 59, 47, 86, 43, 89, 87, 66, 60, 66, 57, 82, 68, 60, 76, 109, 83, 27, 65, 63, 112, 109, 99, 118, 99, 75, 62, 79, 84, 97, 106, 120, 105, 57, 79, 97, 107, 117, 117, 123, 105, 96, 98, 101, 107, 116, 96, 116, 117]
6:[54, 36, 25, 67, 48, 59, 87, 83, 55, 46, 39, 59, 37, 80, 106, 71, 35, 60, 28, 75, 53, 76, 82, 87, 26, 49, 59, 35, 45, 108, 80, 107, 26, 50, 71, 81, 75, 116, 116, 78, 25, 68, 86, 85, 102, 122, 121, 101, 57, 84, 116, 97, 105, 124, 100, 107, 79, 122, 115, 117, 122, 106, 111, 99]
60:[86, 60, 31, 80, 75, 55, 65, 95, 55, 26, 36, 79, 93, 91, 100, 92, 50, 70, 56, 25, 90, 87, 78, 86, 52, 69, 3, 78, 66, 87, 100, 80, 59, 60, 92, 75, 95, 95, 118, 77, 72, 76, 100, 107, 86, 107, 116, 101, 61, 76, 97, 102, 111, 113, 118, 105, 57, 115, 116, 113, 112, 110, 108, 115]
61:[30, 25, 58, 79, 37, 91, 49, 65, 36, 77, 48, 42, 77, 55, 94, 77, 57, 71, 42, 77, 87, 108, 75, 72, 57, 47, 57, 76, 81, 107, 101, 77, 52, 50, 69, 96, 91, 111, 99, 107, 71, 67, 86, 69, 86, 123, 117, 105, 65, 67, 84, 107, 103, 124, 122, 118, 66, 91, 109, 121, 121, 105, 95, 115]
62:[101, 50, 50, 49, 91, 86, 61, 67, 27, 88, 60, 18, 65, 102, 83, 57, 56, 50, 54, 90, 90, 68, 63, 117, 35, 58, 66, 61, 77, 115, 85, 81, 70, 58, 57, 101, 109, 119, 115, 89, 55, 78, 101, 109, 75, 118, 120, 108, 65, 92, 97, 108, 105, 123, 123, 89, 55, 118, 109, 96, 108, 112, 102, 118]
63:[13, 66, 55, 46, 71, 56, 81, 56, 36, 67, 45, 67, 60, 70, 86, 69, 47, 40, 35, 46, 37, 104, 107, 69, 75, 48, 47, 88, 60, 91, 118, 91, 62, 95, 46, 75, 78, 105, 116, 101, 69, 65, 70, 106, 97, 107, 120, 114, 70, 70, 82, 97, 108, 126, 121, 110, 112, 118, 112, 105, 121, 115, 100, 102]
64:[46, 66, 72, 56, 36, 98, 83, 55, 10, 80, 45, 80, 80, 99, 85, 72, 46, 50, 55, 35, 61, 91, 90, 50, 58, 36, 66, 65, 80, 92, 91, 87, 78, 56, 46, 101, 55, 96, 102, 102, 78, 59, 70, 75, 68, 110, 127, 118, 52, 62, 59, 94, 119, 126, 127, 104, 103, 102, 107, 103, 113, 116, 120, 104]
65:[74, 65, 78, 55, 43, 55, 79, 89, 57, 21, 80, 75, 7, 75, 82, 87, 84, 63, 58, 46, 55, 100, 65, 72, 47, 107, 82, 87, 91, 100, 116, 88, 76, 55, 48, 47, 77, 101, 120, 93, 15, 82, 55, 98, 83, 106, 119, 110, 55, 100, 84, 99, 108, 118, 117, 99, 89, 90, 96, 99, 119, 118, 98, 98]
66:[78, 28, 61, 59, 76, 69, 67, 92, 57, 73, 29, 64, 65, 21, 91, 85, 60, 49, 78, 58, 75, 81, 94, 66, 40, 47, 67, 45, 65, 85, 97, 79, 33, 62, 62, 65, 95, 83, 122, 86, 65, 53, 75, 103, 99, 127, 122, 87, 48, 86, 80, 107, 105, 128, 126, 112, 102, 123, 89, 116, 117, 106, 109, 118]
67:[67, 48, 37, 51, 75, 65, 87, 111, 46, 48, 65, 62, 65, 55, 63, 69, 40, 36, 6, 60, 85, 66, 104, 76, 83, 39, 70, 47, 66, 96, 103, 85, 47, 38, 75, 86, 76, 91, 120, 107, 36, 62, 88, 86, 105, 120, 122, 117, 89, 88, 80, 111, 97, 122, 121, 99, 109, 121, 109, 106, 121, 106, 109, 115]
68:[28, 30, 47, 69, 43, 52, 76, 62, 70, 28, 86, 73, 56, 87, 56, 55, 27, 49, 75, 16, 86, 60, 76, 67, 48, 25, 45, 51, 37, 91, 105, 96, 81, 62, 61, 79, 58, 120, 105, 76, 25, 67, 83, 104, 87, 109, 120, 83, 96, 72, 78, 104, 95, 125, 125, 126, 105, 78, 89, 89, 125, 92, 85, 110]
69:[57, 41, 46, 37, 52, 25, 85, 106, 65, 74, 87, 45, 25, 48, 100, 79, 47, 68, 32, 83, 46, 63, 99, 89, 66, 66, 57, 75, 102, 92, 109, 107, 56, 56, 26, 92, 77, 92, 107, 78, 55, 59, 96, 86, 95, 115, 111, 101, 65, 82, 86, 105, 110, 122, 126, 82, 88, 95, 117, 107, 116, 102, 109, 85]
7:[52, 70, 1, 66, 71, 95, 66, 68, 29, 71, 27, 64, 44, 102, 75, 58, 26, 31, 29, 79, 65, 82, 76, 55, 61, 45, 63, 25, 87, 107, 94, 85, 83, 82, 68, 78, 93, 123, 107, 66, 56, 76, 91, 96, 109, 105, 119, 85, 61, 90, 75, 120, 103, 119, 115, 116, 75, 95, 108, 109, 115, 93, 112, 86]
70:[32, 57, 50, 9, 65, 55, 85, 45, 55, 40, 35, 69, 67, 66, 85, 97, 57, 73, 47, 68, 65, 55, 116, 65, 70, 71, 59, 94, 82, 61, 110, 75, 45, 45, 77, 67, 58, 126, 100, 85, 79, 59, 79, 65, 67, 106, 109, 107, 28, 78, 105, 86, 112, 126, 126, 92, 102, 116, 88, 105, 120, 106, 105, 116]
71:[39, 57, 67, 71, 62, 70, 58, 69, 88, 65, 59, 83, 75, 75, 50, 99, 55, 58, 75, 50, 93, 97, 107, 68, 47, 66, 75, 45, 56, 110, 90, 88, 56, 69, 59, 96, 68, 123, 110, 115, 77, 49, 88, 91, 107, 106, 104, 112, 57, 76, 87, 89, 107, 126, 125, 98, 96, 95, 75, 116, 100, 108, 105, 121]
72:[44, 84, 36, 57, 52, 89, 102, 71, 49, 76, 80, 22, 59, 66, 108, 35, 46, 62, 35, 50, 40, 85, 76, 46, 68, 71, 66, 59, 66, 98, 105, 85, 45, 59, 57, 79, 98, 98, 108, 92, 60, 58, 75, 86, 97, 118, 119, 97, 55, 102, 95, 97, 112, 125, 123, 110, 90, 76, 105, 106, 118, 108, 117, 117]
73:[79, 45, 35, 85, 16, 59, 49, 84, 40, 45, 35, 64, 82, 65, 66, 60, 50, 25, 63, 47, 50, 77, 73, 81, 50, 55, 42, 61, 81, 99, 81, 81, 26, 65, 39, 88, 77, 118, 106, 92, 70, 71, 69, 66, 92, 86, 119, 103, 79, 94, 86, 91, 100, 121, 123, 110, 81, 115, 87, 111, 120, 110, 83, 108]
74:[66, 35, 56, 49, 27, 60, 65, 86, 59, 52, 48, 45, 35, 36, 95, 66, 65, 38, 37, 41, 62, 79, 88, 47, 55, 50, 50, 46, 78, 100, 79, 72, 25, 39, 52, 85, 76, 108, 117, 85, 65, 84, 66, 92, 95, 117, 125, 102, 60, 77, 68, 109, 116, 129, 129, 125, 95, 110, 94, 118, 128, 127, 115, 108]
75:[65, 85, 60, 47, 61, 80, 78, 97, 55, 68, 37, 67, 56, 90, 84, 68, 53, 52, 78, 69, 106, 86, 72, 105, 96, 67, 66, 85, 97, 100, 100, 88, 68, 85, 57, 87, 107, 121, 120, 120, 75, 86, 99, 85, 115, 120, 106, 110, 57, 72, 100, 106, 115, 123, 115, 123, 99, 106, 106, 117, 118, 75, 101, 114]
76:[81, 38, 85, 38, 62, 70, 90, 97, 65, 90, 70, 40, 76, 71, 39, 105, 78, 61, 42, 63, 106, 76, 88, 105, 35, 61, 37, 83, 37, 109, 96, 97, 46, 72, 66, 67, 95, 121, 98, 67, 46, 65, 78, 95, 70, 111, 116, 85, 89, 87, 107, 87, 122, 125, 128, 116, 93, 115, 98, 102, 105, 95, 96, 120]
77:[40, 66, 27, 42, 52, 49, 59, 78, 55, 36, 37, 60, 57, 52, 82, 60, 50, 66, 32, 68, 78, 85, 95, 88, 45, 32, 70, 93, 58, 84, 115, 85, 45, 48, 59, 75, 95, 121, 106, 81, 70, 78, 96, 85, 104, 112, 115, 120, 80, 85, 50, 79, 105, 107, 120, 96, 95, 100, 119, 92, 117, 117, 99, 113]
78:[55, 45, 45, 81, 52, 104, 98, 101, 86, 77, 43, 46, 56, 75, 86, 67, 65, 63, 68, 55, 89, 80, 75, 71, 68, 65, 90, 42, 65, 102, 107, 108, 48, 43, 74, 60, 103, 106, 117, 92, 66, 26, 76, 64, 55, 121, 119, 85, 78, 115, 110, 106, 118, 120, 110, 116, 58, 106, 112, 88, 120, 116, 88, 113]
79:[70, 36, 63, 55, 40, 90, 80, 58, 55, 66, 91, 74, 80, 85, 78, 35, 61, 38, 80, 57, 63, 68, 92, 107, 69, 67, 58, 51, 59, 101, 102, 88, 56, 46, 73, 92, 100, 115, 95, 115, 70, 49, 59, 107, 79, 91, 118, 105, 85, 90, 92, 83, 112, 122, 123, 97, 120, 86, 105, 116, 123, 98, 122, 95]
8:[79, 51, 56, 66, 40, 116, 48, 104, 58, 61, 45, 35, 37, 65, 72, 66, 55, 55, 57, 54, 94, 66, 88, 100, 51, 53, 47, 25, 61, 109, 86, 88, 20, 38, 92, 79, 110, 116, 117, 100, 49, 38, 84, 95, 88, 124, 120, 96, 91, 70, 85, 92, 105, 121, 118, 101, 75, 109, 107, 115, 123, 109, 116, 112]
80:[40, 45, 55, 55, 50, 80, 109, 56, 48, 40, 63, 73, 59, 70, 89, 48, 84, 59, 63, 37, 49, 94, 100, 87, 88, 63, 96, 64, 79, 114, 108, 118, 64, 68, 25, 91, 105, 119, 99, 80, 46, 21, 59, 68, 92, 126, 114, 107, 81, 71, 90, 107, 116, 115, 121, 115, 95, 98, 96, 119, 113, 105, 116, 121]
81:[35, 61, 35, 26, 75, 46, 70, 56, 46, 49, 57, 46, 66, 93, 58, 90, 66, 26, 49, 86, 87, 67, 109, 93, 81, 81, 46, 72, 96, 80, 105, 102, 47, 29, 69, 87, 98, 111, 117, 86, 26, 86, 86, 96, 87, 101, 113, 98, 83, 72, 105, 107, 95, 123, 110, 111, 76, 115, 110, 117, 116, 102, 105, 97]
82:[66, 79, 48, 29, 58, 75, 79, 65, 66, 68, 77, 65, 54, 102, 85, 90, 92, 68, 68, 52, 56, 56, 79, 88, 49, 67, 60, 75, 56, 75, 91, 81, 38, 65, 95, 95, 98, 108, 112, 87, 76, 58, 80, 75, 97, 108, 114, 117, 45, 87, 78, 115, 122, 123, 122, 116, 89, 85, 109, 97, 118, 101, 108, 116]
83:[20, 47, 66, 47, 36, 62, 104, 82, 61, 35, 57, 71, 45, 71, 106, 81, 55, 27, 52, 46, 65, 65, 71, 55, 36, 56, 35, 82, 68, 91, 117, 79, 57, 56, 50, 72, 98, 119, 118, 95, 65, 70, 57, 95, 100, 115, 119, 112, 88, 73, 89, 92, 117, 120, 126, 98, 101, 114, 114, 120, 112, 107, 115, 116]
84:[38, 58, 55, 78, 76, 80, 106, 60, 65, 82, 75, 72, 48, 85, 79, 80, 82, 39, 75, 45, 86, 86, 78, 101, 38, 29, 76, 79, 90, 118, 105, 107, 37, 76, 67, 88, 79, 119, 107, 85, 42, 75, 73, 107, 85, 107, 119, 86, 51, 75, 100, 98, 117, 111, 119, 112, 95, 99, 107, 79, 122, 95, 99, 95]
85:[41, 45, 51, 62, 69, 61, 90, 98, 84, 52, 26, 40, 67, 69, 35, 85, 76, 60, 21, 85, 65, 95, 111, 78, 47, 75, 48, 37, 96, 93, 105, 80, 86, 75, 43, 87, 77, 113, 103, 99, 56, 77, 65, 67, 92, 102, 123, 108, 65, 82, 112, 87, 116, 121, 120, 109, 99, 115, 110, 108, 122, 109, 115, 111]
86:[15, 40, 15, 25, 52, 29, 90, 106, 71, 51, 40, 51, 26, 80, 102, 91, 40, 33, 56, 78, 87, 65, 88, 97, 30, 35, 76, 55, 67, 102, 101, 88, 46, 58, 78, 65, 75, 107, 114, 86, 26, 72, 84, 78, 99, 110, 110, 120, 85, 70, 96, 101, 116, 123, 124, 115, 68, 112, 90, 111, 121, 108, 115, 97]
87:[67, 63, 69, 82, 56, 76, 68, 94, 61, 26, 55, 70, 89, 86, 82, 75, 69, 55, 75, 57, 72, 67, 97, 68, 37, 67, 58, 46, 103, 87, 75, 105, 49, 66, 81, 79, 67, 120, 108, 86, 57, 70, 108, 95, 91, 93, 124, 106, 29, 96, 98, 97, 118, 119, 119, 99, 87, 96, 100, 93, 117, 84, 117, 98]
88:[51, 45, 41, 25, 82, 87, 79, 86, 48, 59, 48, 55, 77, 77, 82, 85, 47, 38, 31, 77, 46, 90, 86, 89, 93, 49, 58, 86, 75, 85, 111, 80, 65, 41, 82, 66, 78, 116, 101, 77, 80, 67, 71, 105, 100, 113, 116, 110, 68, 75, 112, 95, 115, 123, 122, 113, 107, 116, 97, 110, 121, 102, 105, 86]
89:[26, 60, 70, 49, 80, 82, 88, 71, 36, 36, 75, 56, 48, 78, 75, 69, 57, 64, 52, 82, 56, 75, 100, 76, 76, 58, 56, 81, 80, 99, 105, 89, 69, 78, 59, 67, 109, 107, 108,98, 46, 87, 97, 67, 80, 97, 118, 86, 92, 80, 95, 90, 95, 122, 121, 117, 87, 102, 106, 98, 107, 103, 100, 100]
9:[71, 70, 61, 36, 63, 80, 56, 80, 1, 30, 39, 83, 53, 79, 70, 69, 51, 80, 76, 58, 67, 71, 79, 106, 65, 59, 79, 67, 65, 110, 77, 97, 38, 60, 38, 58, 68, 121, 98, 108, 40, 57, 78, 99, 89, 117, 115, 110, 15, 67, 95, 78, 106, 121, 122, 107, 88, 113, 95, 96, 116, 107, 115, 109]
90:[75, 70, 53, 68, 47, 41, 69, 88, 65, 37, 56, 62, 58, 92, 88, 67, 66, 33, 50, 56, 73, 74, 89, 96, 48, 47, 80, 76, 83, 68, 79, 85, 55, 98, 57, 36, 63, 121, 120, 107, 50, 67, 85, 88, 111, 106, 120, 109, 78, 65, 95, 116, 106, 118, 120, 106, 107, 103, 104, 110, 121, 108, 119, 111]
91:[65, 85, 47, 59, 80, 95, 67, 95, 56, 1, 58, 18, 56, 66, 89, 104, 46, 55, 37, 75, 101, 89, 95, 67, 65, 62, 65, 55, 82, 102, 85, 96, 47, 79, 56, 80, 87, 119, 116, 95, 87, 86, 82, 106, 95, 119, 106, 109, 69, 58, 87, 104, 105, 123, 122, 107, 97, 90, 107, 110, 112, 119, 109, 121]
92:[15, 81, 67, 50, 38, 63, 79, 81, 68, 2, 68, 53, 70, 66, 89, 86, 76, 67, 35, 76, 55, 53, 55, 95, 86, 49, 76, 58, 55, 106, 86, 94, 55, 53, 36, 100, 99, 117, 115, 86, 49, 55, 91, 86, 97, 112, 122, 101, 80, 95, 84, 111, 108, 121, 122, 96, 68, 65, 66, 112, 116, 109, 90, 95]
93:[17, 35, 55, 55, 40, 73, 84, 59, 28, 57, 84, 15, 28, 97, 55, 85, 49, 47, 75, 50, 45, 46, 106, 66, 55, 27, 53, 75, 49, 106, 104, 98, 27, 80, 51, 80, 89, 109, 115, 82, 57, 49, 73, 69, 65, 119, 114, 88, 53, 82, 75, 98, 97, 124, 123, 87, 96, 74, 98, 120, 117, 86, 102, 108]
94:[69, 67, 57, 64, 46, 81, 86, 93, 88, 37, 50, 47, 47, 86, 75, 78, 40, 16, 67, 25, 66, 85, 108, 76, 51, 75, 45, 79, 69, 108, 105, 85, 48, 41, 55, 63, 79, 116, 66, 89, 62, 26, 67, 65, 117, 91, 121, 117, 76, 67, 73, 55, 98, 117, 122, 116, 90, 119, 107, 110, 105, 111, 108, 90]
95:[55, 52, 42, 56, 65, 49, 70, 75, 75, 55, 54, 76, 70, 65, 96, 63, 35, 35, 38, 55, 65, 102, 101, 85, 60, 55, 25, 58, 80, 110, 118, 59, 52, 50, 86, 96, 62, 116, 102, 109, 47, 49, 76, 86, 87, 115, 119, 98, 75, 92, 108, 79, 116, 124, 111, 82, 97, 83, 109, 116, 121, 106, 106, 124]
96:[69, 25, 79, 55, 57, 45, 91, 79, 86, 38, 36, 67, 80, 84, 71, 80, 88, 28, 56, 58, 72, 56, 58, 75, 53, 56, 27, 74, 66, 92, 74, 71, 29, 66, 74, 52, 83, 97, 110, 96, 46, 72, 75, 110, 106, 125, 119, 93, 50, 69, 88, 94, 120, 123, 128, 127, 66, 106, 116, 110, 115, 119, 119, 107]
97:[25, 18, 57, 46, 73, 47, 49, 95, 50, 78, 62, 65, 56, 65, 77, 105, 28, 55, 46, 36, 65, 79, 85, 71, 55, 56, 56, 78, 75, 101, 103, 109, 82, 75, 77, 85, 97, 105, 119, 90, 47, 62, 66, 101, 95, 115, 110, 121, 65, 70, 87, 90, 111, 126, 120, 107, 80, 95, 78, 106, 108, 98, 116, 83]
98:[45, 38, 62, 27, 59, 56, 91, 95, 91, 69, 65, 51, 49, 58, 57, 85, 36, 76, 40, 55, 78, 92, 109, 66, 47, 27, 53, 78, 53, 95, 73, 40, 28, 48, 56, 75, 98, 122, 91, 87, 65, 66, 95, 57, 97, 114, 110, 98, 77, 85, 78, 113, 107, 128, 125, 120, 101, 120, 105, 87, 128, 103, 111, 77]
99:[65, 49, 38, 60, 90, 46, 69, 85, 28, 51, 66, 45, 66, 80, 96, 59, 37, 36, 52, 19, 66, 90, 91, 85, 5, 59, 70, 74, 75, 91, 89, 89, 65, 71, 85, 97, 96, 107, 108, 77, 48, 48, 68, 98, 97, 101, 107, 96, 89, 90, 105, 86, 98, 125, 121, 109, 95, 108, 93, 99, 119, 109, 106, 86]
